$ANSIBLE_VAULT;1.1;AES256
63303334313563303930343266336137333536333235306630343735383436316634656263343661
6666343037636466343432656362353932393261313732350a306230356563623339373139313362
30353266653035383464653531303131323363653233373133666231653731646533623833383538
6361613930623735660a326663363766653132623732656663656530653162316238653364643332
35623739636337653363303130636162633834623130356362393732643563373632326465626530
39363530373732383931623663393035633539306235353065363830613334363764666362313430
30383164613564343835633035316563316535353333396433623934643362613963356631666366
63373130356264666562383735356136616634653634313634303637633935356266636235663536
32393961313130663665623065343762356165623036323338393639343030363737306335636362
32323530386265656632383138326130336262383734643665643962363139383061356463646438
33396365626233373266333833366362633432356162376336653130613538396531356663633034
39333565333765303339303066326236313165613732383733363030623966666263366330363136
36393839306432666635373038366461353464646233633363643535323438303431656661633336
34653266643839316536633130623530326661333237656463613362313432376134306261616561
38666134636536373062336564333064623134343363393833303162626366386564356662353138
33313364643236666135376230626538316635646238333237386561613538363164656136663963
33303237343631643635346238336666366166393531316462666564613664346665623663303732
33353463393138383865653935356439363961653533313836313665666564616566343133666338
66366637303434376133663834323132396364663135353666323966626364306465346333373338
66326466346337326131653964383533626536366230363566313662343039613437373132303630
39373930353036316461323761633265346536316665373936313830386662613562613438656238
30643637343835613765363163353536363836653235613261633863613264316363306634343332
61643866663935373962316238303638353565383639313165643732313065616434323365666262
37666462643638383937316236633031363931343766323331346436626232323265373933356437
64316562646534383864396535636139303638613066646561643630313436646563363833393535
34643032313064313237333162646538646439363234366665623935653833656137373334623735
64333539383535353134613632663330303035643064626136346435353538383934636436663437
38303434663834646630306137386132363763313732333837646233353934333537393736633761
63326136616334636664343536336234306564613833633738353431633033643532336139353562
31316666396432376661613531626530656562323136643733343038393031343735316238396233
30363731313964393139333431346435363034363366303633636535646461353436636130386163
39323938666166323131333962643663356331386232356362306462323365613036303632383530
61366337363863313435316137656634373034386261323738376465313336643038313235303063
35613465633639373461353235653663626138333032323837316462663962346134633637326630
63643530343833646232343363393239663366306461646362363437636165343632303335336134
63393966633965316532643136396139316466616434663864623737663363363661313235323830
33653934363135313166336632303839313563363030326436303136346161353535326539643035
32636361633131326330323038393239363537396334666561323666313933363832356536663164
31626362303232656530373833656461386330386364313539646336336164646437346464343233
34313231353635623730303439323134613131306462386264343339373766386134613533336261
31306665306636663135623535646263663164653531356362356262626536663966636265363337
34636536343662386166373937623634663130303436376430333666633661353134383334326437
33346438303864313238623962313131623762333961663166663533646365383636326566343130
64326563626433316266666362306365383433343137303330316534666639623034626435363032
61653438386330323533616532323665616164643333303238346666306333633364663231643536
62336132383730346530656438363563323131616165363434306565336133383161346163653263
62633533386636326237663161386336383937663231376135313364663631393339343365656136
39353838663137373838356330616165353864383566303031373362313762643635663038646238
65636631663631366633623264353930303864336561663236376630663738306162363132613366
35376138626462323230343265356364323135303466313639623033313034346463326339383234
34303263663038643537613963303266363938653664383662313061336237666635383337353336
37353762396562613833633763663132343933663531626537346261626666343033383330323863
62653866383335323834343333623833306133306366613639356232363731316232356437363565
66346231353362616361323063653430366231333264636635383630626436663061373964366238
36613863386536376365363063393534346433303664626537633337626562356565313833306437
32613936323066633762613737356431323731306166363633313232313564616435383432643266
38346466346339336363623330366531316130363535366532363530386234656262383663643735
36323131376435663736336262306262626333656239666265333134326332666533373732323537
63386234303965333261366331643930393035366239633138663239636263353363616565623137
61353761316535356661303764333434346263343239633832313835643066646336366430353632
30396530356439303933323435353137633061353734383035353534333561303664303534376130
31663737323762316430396137333961363236303238316562656433326435613434306665633639
61363637643630316434346430623330343835326136643739656332343634346563616630383938
32616133313232313234346262393532663734366335626231376431343136356433353134366233
65383364303236613434356336373066623931316165336363393162613036333865383037616435
39396661656266383364333661346363353937633139663733376663333736383862323339396630
65303137336366303433306565336139333466663433323836643465376438386562363534333333
33623539353739613430653936383862383366326661366436366236313664626566383737326434
33646330373930353864353739663636353636363531653463366136623137303066376537623037
66333238386538326361633131623438666333353265386263626265373733373934393263376462
61363536303963333737626464656566383534376136353861343464316335393339356439633730
61313864376362356130353735323465366230626232323461306231323136383434373063396633
66393161653435353433376635343163363930613432353733643437376136376664333335323937
32356138323163653630383035386134666232373261363131313864393765653032343036646234
34396636643639396130393938643838393933373837326430353338363237663430333737636633
61323438353230363063663836343635366561333162656432623365333235363937333533346464
37616265656238633533336532396239663737303133353335393164343336343765396139656438
36666630343864303638313239613464386235633363323664636337626331393735376636376631
32346430663036613737373331623565373437316132306231333436383239333436663635373236
61626537373264353365323035616366306166616135386230393537316463613531623839373036
37636437613462616663343839663333643038646166373563336362343763326538626239653530
39356331616463656334643139386538346562373031376662373332623563663732396666303034
32613834326430323061623864323864326633636538336662393265623431323234343536313835
62663965633364653535373466333937343765653763626261313832303664613830313831333639
37306139616633613135336161326164656566626234396439356537386465643230366264616561
34383365613032313734343531323866616336643130353264653436313662393863333863363836
30613864393065656162633166633337613738376335666663343333383037353636373031613037
62663066336333306662666231363362333639323339356265386130656436376336326664373635
66316266353666373439393833396136363339386334336539383461303565666261323730386338
37356531626565386662626133363137386237313965633934396135346661316265386663633561
34623735313139346431643963393465616363383930643834326332383535366433626261333564
30356439626232663031643139346538306637353461643739313165303761633231356532393562
38663061616334343765656530376330633934623530616235383438336438646138366132653735
38316639646132386431623232323339333637336635363131373838646434343132373533643338
39666261623739323133653138626435623531383232363564643962643265656330333862646432
36303639666232663136393030363938383130326237346362363263333361616339333661616131
64616165353863306232353439636262343739373162633333313163353732643834666531383037
35613366316633383430313430386133333335333163623838383531646631326637393462326632
62373963363433333736323763373639393264356137663439336331613233323964633931336164
61323931363361373931636266363532373637333033333037306636623538366464643366643964
30346162636566633234383933303662666438356133646136353364666336636237376362333131
66336464386335353437386432363731353663393863386565396331623432386166366330346663
64393364623938653264653736346538313037353330333730363331626535663431623534386264
63626338373261383963633338336432373133393036363039663236663966313432396464376563
31666132396466656632383163633663343236313666663139383536326166663561386363313536
63623166646336393164306437316366386530376338336537383566393538343439336539323539
63626434666633643536373733306339366132313332336433323239333030643132383539393163
34623063376233656633393632386363393537336263373839623539346433303131663866653363
35386265643463313832326566303664386134386230396564356364383434653537306663386135
30396334626661666536656464316561356234343065363634663664323531663832303166303766
39666532313930376239656634303162666565623731636266643966333138656335313665373136
65613335366362316536313537306338643233323464633236643630396639383230363335343536
38313538363533623536653963616162323636386135313564396536623566363935643431653935
38636463356639643335633966353561396665393335313763356135613231663938386662313737
64363034393362636264653837626536323932326538613064393032386535623532653765313933
31376563376231366132343434656134653633356264616636616332366638613232616461363737
36313838303734613233303465343430656665363665623031663230646661366166613966346139
32343766353461396330623361626137316435633562623335653335303163633733616336386234
39636334633037356338656231643530343831306137323736653963393536666337646235643332
32613138336364623632323737306233613138386638396461646362373232336632343539316561
34376132323735373734303933646330366665343031343231643230623034666439616562383739
32616431613935363433323533373536343339626533343361626139636236613161666531616636
38383765633932386530336233626436383538323438366564353233653861633038386132323631
64376130343130363133623133646430656338656562326130313933643335666231383266666533
32343663306135393331303764663039653461393935633366343039363439316135626136303731
62346363356561313137386238303565323564643136393531363462646262383162386536326433
30383432393464383339666638393235633432646239616435383033316439613463326132613436
30646565393132336565303237623266613363646661356565626161346530653166346164386436
37616433373963333366363165363138333936313538646264363263333465646461346266353637
63336462306438303466326261613763366636333863663262336663643230666139373333656231
61643865333961663832386533346466396163313830383737386338666234663735663134326635
65343336616464383839373433346336363462313062653437623339326631346663616538633839
65306561663561336232383761306331343662616661616133623532663538396632663336653936
62303662346437346234346662656532623062396332323735333033326333316138346362656537
35323339623034646138386164353432643438356666326639383235623933343935623866343562
38653864386433316361356630353839363762346265656464663234653865653265626230613066
33333235343631666539366639656235393636656337363430323833646235303431616330663533
38636334326338333137333466383637633065326534666435363134346435623730666261303936
39356331373236633734616330623462346636316134333234306530663737303930353032623033
61313735366237633131633862373466396434356138346633346361666630313635613362373130
33623431303862623663376464613634346230313663646433656562303164373361616565386430
34333063623533653236663630343766393434653962363732393231346131616462316431356533
35353235363736653135383563396337373532316661313965666363376166646635326434663961
39663334356337396266303863656238316665613164646137613064383531343932663832633866
34313761306561333365376136303135626463373138306234393066336438636638663835353939
64633737626365656536306336306136663635373733353132373330386637353837626236333038
61306564343663363536353662633632666334363965653637616466346565336262376165646463
31303339643466303033
